# =========================================================================
# 南京地铁系统完整数据源（14 条已开通线路）
# 线路: 1/2/3/4/5/7/10 号线 + S1/S2/S3/S6/S7/S8/S9 号线
# 格式说明:
# 站点: ID 站名 坐标X 坐标Y 是否换乘(0/1) 地标数量 [类型|名称|描述 ...]
# 线路: LINE 线路ID 线路名 R G B 站点数 -> 下一行ID序列 -> 下一行距离(km)序列
# =========================================================================

[STATIONS_COUNT]
250

[STATIONS]
# --- 1号线 站点 ---
1 八卦洲大桥南 686 453 0 0
2 笆斗山 670 469 0 0
3 燕子矶 654 485 0 1 1|燕子矶公园|1号口出直行300米
4 吉祥庵 638 501 0 0
5 晓庄 621 518 1 1 3|晓庄学院|2号口出
6 迈皋桥 604 535 0 1 2|迈皋桥医院|1号口出站直行200米
7 红山动物园 587 552 0 1 1|红山森林动物园|1号口出即达
8 南京站 570 569 1 4 0|南京站铁道大酒店|南广场出站步行约3分钟 1|玄武湖公园|北广场出站可沿湖游览 2|南京市红山社区医院|乘公交约10分钟可达 4|南京站商业区|南北广场均设餐饮与便利服务
9 新模范马路 551 616 0 1 3|南京邮电大学三牌楼校区|东侧出口
10 玄武门 551 635 0 1 1|玄武门城墙|玄武湖入口
11 鼓楼 551 653 1 2 3|南京大学鼓楼校区|2号口出 1|鼓楼公园|4号口出
12 珠江路 551 685 0 1 2|南京大学医学院附属鼓楼医院|1号口出
13 新街口 551 715 1 2 4|德基广场|7号口直通地下 0|金陵饭店|6号口出
14 张府园 551 743 0 0
15 三山街 551 772 1 0
16 中华门 551 821 0 1 1|中华门城堡|2号口出向南
17 安德门 551 878 1 0
18 天隆寺 567 898 0 0
19 软件大道 579 916 0 1 4|雨花软件谷|各出口直达
20 花神庙 592 934 0 0
21 南京南站 605 954 1 2 0|高铁动车快捷酒店|北广场出 4|高铁候车大厅|地下直通
22 双龙大道 628 987 0 0
23 河定桥 643 1008 0 0
24 胜太路 658 1030 0 0
25 百家湖 673 1051 0 1 4|江宁金鹰天地|1号口出
26 小龙湾 690 1074 0 0
27 竹山路 708 1100 1 0
28 天印大道 774 1118 0 0
29 龙眠大道 816 1118 0 0
30 南医大·江苏经贸学院 865 1129 0 1 3|南京医科大学江宁校区|北门出
31 南京交院 884 1156 0 1 3|南京交通职业技术学院|东门出
32 中国药科大学 903 1183 0 1 3|中国药科大学江宁校区|正门出

# --- 2号线 站点 ---
88 鱼嘴 303 1044 0 1 1|鱼嘴湿地公园|1号口出步行可达
89 天保街 342 1044 0 0
90 青莲街 391 1044 0 0
91 螺塘路 420 1044 1 0
69 油坊桥 460 954 1 0
92 雨润大街 435 916 0 0
93 元通 420 878 1 1 4|河西中央商务区|2号口出
94 奥体东 420 832 0 1 1|南京奥体中心|1号口出
95 兴隆大街 420 798 0 0
96 集庆门大街 420 761 0 1 4|万达广场建邺店|1号口出
97 云锦路 428 721 0 1 1|侵华日军南京大屠杀遇难同胞纪念馆|2号口出
98 莫愁湖 463 715 1 1 1|莫愁湖公园|1号口出
99 汉中门 508 715 0 1 2|江苏省中医院|1号口出
100 上海路 531 715 1 1 2|江苏省口腔医院|3号口出
45 大行宫 605 715 1 4 1|南京总统府|5号口出沿长江路向东步行约300米 1|六朝博物馆|3号口出步行约5分钟 1|江宁织造博物馆|2号口出沿长江路向西步行约400米 1|南京图书馆|3号口出步行约3分钟
101 西安门 636 715 0 0
102 明故宫 679 715 0 1 1|南京博物院|1号口出直行约300米
103 苜蓿园 716 715 0 2 1|中山陵景区|1号口出换乘景区交通 1|明孝陵景区|1号口出换乘景区交通
104 下马坊 750 715 0 1 3|南京理工大学|2号口出
105 孝陵卫 782 715 0 0
106 钟灵街 800 709 0 1 1|南京体育学院|1号口出
107 马群 829 681 1 0
108 金马路 864 653 1 0
109 仙鹤门 890 632 0 0
110 学则路 911 614 0 1 4|仙林亚东广场|1号口出
111 仙林中心 935 596 0 1 3|南京师范大学仙林校区|2号口出
112 羊山公园 953 580 0 1 1|羊山湖公园|1号口出
113 南大仙林校区 970 566 0 1 3|南京大学仙林校区|正门直达
114 经天路 985 554 0 0

# --- 3号线 站点 ---
33 林场 227 438 0 0
34 星火路 264 438 0 0
35 东大成贤学院 308 438 0 1 3|东南大学成贤学院|东门直达
36 泰冯路 355 438 1 0
37 天润城 387 438 0 0
38 柳洲东路 421 438 0 0
39 上元门 508 504 0 0
40 五塘广场 543 538 1 0
41 小市 556 552 0 0
42 南京林业大学·新庄 605 617 0 1 3|南京林业大学|新庄国展中心出口
43 鸡鸣寺 605 653 1 2 1|鸡鸣寺景区|5号口出 1|玄武湖解放门|3号口出
44 浮桥 605 685 0 0
46 常府街 605 742 0 0
47 夫子庙 605 770 1 4 1|夫子庙秦淮风光带|2号口出步行进入贡院街核心景区 1|江南贡院|2号口出步行约5分钟 1|中国科举博物馆|位于江南贡院地下展区 4|南京水游城|3号口出步行约8分钟
48 武定门 605 800 0 0
49 雨花门 605 824 0 0
50 卡子门 605 851 1 0
51 大明路 605 878 0 0
52 明发广场 605 904 0 0
83 宏运大道 605 993 0 0
84 胜太西路 605 1022 0 0
85 天元西路 605 1062 0 0
53 九龙湖 605 1102 0 1 1|九龙湖湿地公园|2号口出
54 诚信大道 605 1179 1 0
55 东大九龙湖校区 605 1200 0 1 3|东南大学九龙湖校区|西门出
56 秣周东路 605 1223 0 1 4|悠谷研发基地|3号口出
86 上秦淮西 605 1244 0 0
87 秣陵 605 1266 0 0

# --- 4号线 站点 ---
115 龙江 403 653 0 0
116 草场门·南艺·二师 463 653 0 1 3|南京艺术学院|2号口出
117 云南路 508 653 1 1 3|南京大学鼓楼校区北门|1号口出
118 九华山 641 653 0 1 1|九华山公园|1号口出
119 岗子村 679 653 0 1 1|玄武湖情侣园|2号口出
120 蒋王庙 720 653 0 0
121 王家湾 756 653 0 0
122 聚宝山 791 653 0 0
123 徐庄·苏宁总部 825 653 0 1 4|徐庄软件园|2号口出
124 汇通路 904 653 0 0
125 灵山 981 631 0 0
126 东流 1010 607 0 0
127 孟北 1036 587 0 0
128 西岗桦墅 1052 557 0 0
129 仙林湖 1052 520 0 0

# --- 5号线 站点 ---
130 方家营 216 644 0 0
131 南京西站 264 641 0 0
132 静海寺 320 636 0 0
133 下关 381 629 0 2 1|阅江楼|3号口出步行约15分钟 2|南京市第二医院|1号口出步行约500米
134 盐仓桥 445 622 0 1 3|南京财经大学福建路校区|2号口出
135 福建路 509 614 1 1 3|南京财经大学福建路校区|1号口出步行约300米
136 虹桥 508 627 0 0
137 青春广场 508 640 0 0
138 五台山 520 684 0 2 1|五台山体育馆|2号口出 3|南京体育学院|3号口出
139 朝天宫 541 744 0 1 1|朝天宫（南京市博物馆）|1号口出步行约400米
140 通济门 594 789 0 0
141 光华门 579 806 0 0
142 石门坎 562 822 0 1 4|光华茂商业广场|1号口出
143 七桥瓮 544 836 0 0
144 大校场 525 851 1 1 1|南京大校场机场跑道公园|2号口出
145 神机营 556 892 0 0
146 东山香樟园 586 934 0 0
147 文靖路 616 976 0 0
148 东山 647 1017 0 1 4|东山国际企业研发园|1号口出
149 新亭路 678 1058 0 0
150 科宁路 674 1126 0 0
151 前庄 640 1152 0 0
152 九龙湖南 566 1179 0 0
59 吉印大道 526 1179 1 0

# --- 7号线 站点 ---
153 仙新路 381 518 0 0
154 尧化门 421 518 0 0
155 尧化新村 461 518 0 0
156 丁家庄南 501 518 0 0
157 丁家庄 541 518 0 0
158 万寿 581 518 0 0
159 幕府山 582 528 0 0
160 幕府西路 532 563 0 0
161 钟阜路 520 588 0 0
162 古平岗 498 639 0 0
163 草场门 486 664 0 1 3|南京艺术学院|2号口出
164 清凉山 474 690 0 1 1|清凉山公园|1号口出
165 大士茶亭 460 744 0 0
166 南湖 459 772 0 1 1|南湖公园|2号口出
167 应天大街 460 799 0 0
168 梦都大街东 461 826 0 0
169 新城科技园 462 852 0 0
170 中胜 464 878 1 1 4|万达广场建邺店|1号口出
171 嘉陵江东街 439 916 0 0
70 永初路 414 954 1 0
172 太清路 417 999 0 0
173 西善桥 460 1044 1 1 1|西善桥老街|2号口出

# --- 10号线 站点 ---
174 东麒路 325 851 0 0
175 石杨路 365 851 0 0
176 杨庄 405 851 0 0
177 高桥门 445 851 0 0
178 承天大道 485 851 0 0
179 机场跑道旧址 565 851 0 0
180 雨花台 587 860 0 1 1|雨花台烈士陵园|1号口出步行约800米
181 共青团路 569 869 0 0
182 小行 508 878 0 0
183 奥体中心 427 865 0 1 1|南京奥体中心|1号口出
184 梦都大街 436 853 0 0
185 绿博园 447 842 0 1 1|绿博园|2号口出
186 江心洲 462 833 0 1 1|江心洲生态科技岛|1号口出
187 临江 480 826 0 0
188 浦口万汇城 502 820 0 1 4|江北虹悦城|2号口出
189 南京工业大学 529 816 0 1 3|南京工业大学浦口校区|1号口出
190 龙华路 560 813 0 0
191 文德路 596 812 0 0
192 雨山路 636 812 0 0

# --- S1号线 站点 ---
57 翠屏山 526 1071 0 1 3|南京航空航天大学江宁校区|御道街出口
58 河海大学·佛城西路 526 1121 0 1 3|河海大学江宁校区|佛城西路口
60 正方中路 526 1231 0 0
61 翔宇路北 526 1276 0 0
62 翔宇路南 526 1319 1 0
63 禄口机场 580 1319 0 4 1|禄口国际机场航站楼|地铁站与T1和T2航站楼连通 0|南京禄口机场铂尔曼大酒店|航站楼方向步行可达 2|禄口机场医疗急救中心|航站楼内设应急医疗服务 4|禄口机场商业区|航站楼内设餐饮购物与便利服务
64 空港新城江宁 634 1319 1 0

# --- S2号线 站点 ---
193 雨花经济开发区 500 1044 0 0
194 板桥 540 1044 0 1 4|板桥新城商业中心|1号口出
195 板桥南 580 1044 0 0
196 江宁镇 620 1044 0 0
197 江宁滨江开发区 660 1044 0 0
198 牧龙 700 1044 0 0
199 铜井 740 1044 0 0
200 慈湖高新区 780 1044 0 1 4|慈湖高新技术产业开发区|1号口出
201 湖北路·二中 820 1044 0 0
202 湖南路·安工大 860 1044 0 0
203 雨山东路 900 1044 0 0
204 阳湖 940 1044 0 0
205 马鞍山经开区 980 1044 0 0
206 姑孰 1020 1044 0 0
207 太白 1060 1044 0 1 1|采石矶风景区|2号口出换乘公交约20分钟

# --- S3号线 站点 ---
65 景明佳园 574 954 0 0
66 铁心桥 542 954 0 0
67 春江路 509 954 0 0
68 贾西 485 954 0 0
71 平良大街 357 977 0 0
72 吴侯街 357 1003 0 0
73 高庙路 357 1030 0 0
74 天保 357 1059 0 0
75 刘村 357 1087 0 0
76 马骡圩 139 1115 0 0
77 兰花塘 139 1153 0 0
78 双垅 139 1198 0 0
79 石碛河 139 1246 0 0
80 桥林新城 139 1294 0 0
81 林山 139 1341 0 0
82 高家冲 139 1396 0 0

# --- S6号线 站点 ---
208 百水桥 869 681 0 0
209 麒麟门 909 681 0 0
210 东郊小镇 949 681 0 0
211 古泉 989 681 0 0
212 南京猿人洞 1029 681 0 1 1|南京直立人化石遗址博物馆|2号口出
213 汤山 1069 681 0 1 1|汤山温泉旅游度假区|1号口出换乘接驳车
214 泉都大街 1109 681 0 0
215 黄梅 1149 681 0 0
216 童世界 1189 681 0 0
217 华阳 1229 681 0 0
218 崇明 1269 681 0 0
219 句容 1309 681 0 1 1|茅山风景区|站前广场换乘旅游专线

# --- S7号线 站点 ---
220 柘塘 674 1319 0 0
221 空港新城溧水 714 1319 0 0
222 群力 754 1319 0 0
223 卧龙湖 794 1319 0 0
224 溧水 834 1319 0 1 4|溧水万达广场|1号口出
225 中山湖 874 1319 0 0
226 幸庄 914 1319 0 0
227 无想山 954 1319 0 1 1|无想山国家森林公园|1号口出换乘接驳车

# --- S8号线 站点 ---
228 长江大桥北 235 438 0 0
229 毛纺厂路 275 438 0 0
230 泰山新村 315 438 0 0
231 高新开发区 395 438 0 0
232 信息工程大学 435 438 0 1 3|南京信息工程大学|1号口出
233 卸甲甸 475 438 0 0
234 大厂 515 438 0 0
235 葛塘 555 438 0 0
236 长芦 595 438 0 0
237 化工园 635 438 0 0
238 六合开发区 675 438 0 0
239 龙池 715 438 0 0
240 雄州 755 438 0 0
241 凤凰山公园 795 438 0 0
242 方州广场 835 438 0 0
243 沈桥 875 438 0 0
244 八百桥 915 438 0 0
245 金牛湖 955 438 0 1 1|金牛湖风景区|1号口出步行约1公里

# --- S9号线 站点 ---
246 铜山 566 1319 0 0
247 石湫 606 1319 0 0
248 明觉 646 1319 0 0
249 团结圩 686 1319 0 0
250 高淳 726 1319 0 1 1|高淳老街|站前换乘公交约15分钟

[LINES_COUNT]
14

[LINES]
# 1号线
LINE 1 1号线 0 160 201 32
1 2 3 4 5 6 7 8 9 10 11 12 13 14 15 16 17 18 19 20 21 22 23 24 25 26 27 28 29 30 31 32
1.370 1.292 1.115 1.007 1.910 1.142 1.121 1.691 1.061 1.254 0.862 1.147 1.125 0.909 1.914 2.093 1.455 1.283 1.076 1.853 2.276 1.345 0.904 1.332 1.475 1.135 1.919 1.312 1.550 2.720 1.964

# 2号线
LINE 2 2号线 198 0 86 30
88 89 90 91 69 92 93 94 95 96 97 98 99 100 13 45 101 102 103 104 105 106 107 108 109 110 111 112 113 114
1.250 1.100 1.450 1.320 1.380 1.120 1.420 1.250 1.180 1.260 1.050 1.150 1.020 1.380 1.010 1.450 1.580 1.320 1.150 1.230 1.890 2.450 1.560 1.280 1.450 1.320 1.860 1.620 1.950

# 3号线
LINE 3 3号线 0 140 86 31
33 34 35 36 37 38 39 40 41 8 42 43 44 45 46 47 48 49 50 51 52 21 83 84 85 53 54 55 56 86 87
2.537 1.049 1.127 1.407 1.854 3.535 0.961 1.845 1.379 2.017 2.851 0.858 0.859 0.931 1.067 1.308 1.143 0.977 1.153 1.137 1.222 1.105 1.826 1.791 2.343 1.526 1.301 2.995 2.212 1.055

# 4号线
LINE 4 4号线 121 103 166 18
115 116 117 11 43 118 119 120 121 122 123 108 124 125 126 127 128 129
1.520 1.830 1.220 1.390 1.420 1.350 2.050 1.420 1.680 2.650 1.820 1.510 1.430 2.180 1.600 1.700 1.900

# 5号线
LINE 5 5号线 242 218 81 30
130 131 132 133 134 135 136 137 117 138 100 139 15 47 140 141 142 143 144 145 146 147 148 149 27 150 151 54 152 59
1.200 1.100 1.050 1.300 1.150 1.200 1.100 1.250 1.300 1.150 1.100 1.350 1.200 1.250 1.150 1.300 1.200 1.400 1.350 1.250 1.300 1.200 1.250 1.150 1.200 1.300 1.250 1.400 1.350

# 7号线
LINE 7 7号线 0 90 60 27
153 154 155 156 157 158 5 159 40 160 161 135 162 163 164 98 165 166 167 168 169 170 171 70 172 91 173
1.500 1.300 1.200 1.400 1.350 1.250 1.400 1.300 1.200 1.350 1.250 1.400 1.300 1.200 1.450 1.300 1.250 1.200 1.350 1.300 1.250 1.400 1.300 1.200 1.350 1.250

# 10号线
LINE 10 10号线 212 168 74 24
174 175 176 177 178 144 179 50 180 181 17 182 170 93 183 184 185 186 187 188 189 190 191 192
1.400 1.350 1.250 1.300 1.200 1.450 1.300 1.250 1.350 1.200 1.400 1.300 1.250 1.200 1.350 1.300 1.450 2.100 1.500 1.350 1.250 1.400 1.300

# S1号线
LINE 11 S1号线 108 189 181 9
21 57 58 59 60 61 62 63 64
4.700 2.730 4.723 7.283 4.234 7.926 0.962 1.686

# S2号线
LINE 12 S2号线 196 84 108 16
173 193 194 195 196 197 198 199 200 201 202 203 204 205 206 207
1.400 1.300 1.250 1.350 1.200 1.450 1.300 3.200 1.400 1.250 1.300 1.350 1.200 1.400 1.300

# S3号线
LINE 13 S3号线 185 155 194 19
21 65 66 67 68 69 70 71 72 73 74 75 76 77 78 79 80 81 82
1.963 1.470 1.507 1.446 1.608 1.187 1.022 0.946 1.248 1.409 1.743 9.947 2.225 1.324 1.471 1.350 1.998 1.712

# S6号线
LINE 14 S6号线 167 120 199 13
107 208 209 210 211 212 213 214 215 216 217 218 219
1.600 1.500 2.200 1.800 2.400 1.500 1.300 1.600 1.800 2.100 1.400 1.500

# S7号线
LINE 15 S7号线 233 140 160 9
64 220 221 222 223 224 225 226 227
3.200 2.800 1.500 1.800 1.600 1.700 1.400 1.500

# S8号线
LINE 16 S8号线 243 168 60 19
228 229 230 36 231 232 233 234 235 236 237 238 239 240 241 242 243 244 245
1.300 1.200 1.400 1.500 1.600 1.300 1.450 1.350 1.550 1.400 1.300 1.450 1.350 1.250 1.400 1.600 1.700 1.900

# S9号线
LINE 17 S9号线 216 200 50 6
62 246 247 248 249 250
4.500 3.800 4.200 9.500 3.600

